app:
- 473.astar-s1.txt.xz
f1: 0.4853817248648153
f1_5: 0.4853494994029577
opt_th: 0.49346911907196045
p: 0.6639919759277834
p_5: 0.6664984863773966
r: 0.38249313881265345
r_5: 0.38162646251625015
