app:
- 473.astar-s1.txt.xz
f1: 0.8100755667506297
f1_5: 0.8106747230614301
opt_th: 0.7922052145004272
p: 0.8796498905908097
p_5: 0.8797814207650273
r: 0.7507002801120448
r_5: 0.7516339869281046
