app:
- 473.astar-s1.txt.xz
f1: 0.8609146628948608
f1_5: 0.8605200945626477
opt_th: 0.47565963864326477
p: 0.8695238095238095
p_5: 0.8716475095785441
r: 0.8524743230625583
r_5: 0.8496732026143791
