app:
- 473.astar-s1.txt.xz
f1: 0.29006085192697767
f1_5: 0.22075782537067545
opt_th: 0.09218540787696838
p: 0.23754152823920266
p_5: 0.3004484304932735
r: 0.3723958333333333
r_5: 0.17447916666666666
