app:
- 473.astar-s1.txt.xz
f1: 0.6792279411764707
f1_5: 0.6150324303700878
opt_th: 0.7898096442222595
p: 0.7382617382617382
p_5: 0.5573997233748271
r: 0.6289361702127659
r_5: 0.6859574468085107
