app:
- 473.astar-s1.txt.xz
f1: 0.38258575197889183
f1_5: 0.3731138545953361
opt_th: 0.386423259973526
p: 0.4264705882352941
p_5: 0.43729903536977494
r: 0.34688995215311
r_5: 0.3253588516746411
