app:
- 473.astar-s1.txt.xz
f1: 0.3
f1_5: 0.25970873786407767
opt_th: 0.08284347504377365
p: 0.25
p_5: 0.2431818181818182
r: 0.375
r_5: 0.2786458333333333
