app:
- 473.astar-s1.txt.xz
f1: 0.48398511931766625
f1_5: 0.4745858968291528
opt_th: 0.3677838444709778
p: 0.650805270863836
p_5: 0.6883580450302031
r: 0.3852376137512639
r_5: 0.36212624584717606
