app:
- 473.astar-s1.txt.xz
f1: 0.6858710562414266
f1_5: 0.6769501983252534
opt_th: 0.740938663482666
p: 0.741106719367589
p_5: 0.7020109689213894
r: 0.6382978723404256
r_5: 0.6536170212765957
