app:
- 473.astar-s1.txt.xz
f1: 0.35599505562422745
f1_5: 0.28310502283105027
opt_th: 0.3061860203742981
p: 0.36828644501278773
p_5: 0.3891213389121339
r: 0.3444976076555024
r_5: 0.22248803827751196
